+----------+------------------------------------------------------------------------------------------+--------------------+
|Rank      |Itemset                                                                                   |Ws                  |
+==========+==========================================================================================+====================+
|1         |[2]                                                                                       |1.0                 |
+----------+------------------------------------------------------------------------------------------+--------------------+
|2         |[1] [3] [3, 2] [1, 2]                                                                     |0.6644295302013423  |
+----------+------------------------------------------------------------------------------------------+--------------------+
|3         |[5] [5, 2]                                                                                |0.6476510067114093  |
+----------+------------------------------------------------------------------------------------------+--------------------+
|4         |[4] [4, 2]                                                                                |0.6442953020134228  |
+----------+------------------------------------------------------------------------------------------+--------------------+
|5         |[5, 3] [5, 3, 2]                                                                          |0.4966442953020134  |
+----------+------------------------------------------------------------------------------------------+--------------------+
